North: 33.920215
South: 33.290604
East: -111.960540
West: -112.323217